104

true,true,39,2

Back:,0.5,,0.0125,,0.42,0.3,0.185,,,-0.1949,,,,,,,,,,0.5429,,,,,1,,,0.1,,,,masterVolume:39
Countdown:2,0.5,,,,0.42,0.305,0.365,,-0.01,0.01,,,,,,,,,,,,,,,1,,,,,,,masterVolume:41
Back2:2,0.5,,0.01,,0.42,0.305,0.44,,0.01,0.01,,,,,,-1,0.67,0.01,,,,,-0.06,-0.01,1,,,,,1,-0.78,masterVolume:42
FinishLap:2,0.5,,0.01,,0.42,0.305,0.305,,0.01,0.01,,,,,,0.34,0.67,0.01,,,,,-0.06,0.01,1,,,,,,0.0049,masterVolume:43
AddPlayer:2,0.5,,0.0591,0.5532,0.1208,0.3,0.365,,-0.265,0.87,0.155,1,0.285,,,,,,,,,,,,1,,,,,,,masterVolume:44
Powerup2:1,0.5,,0.1778,,0.4576,0.3,0.2019,,0.01,,,,,,,0.69,0.32,-0.005,,,,,,,1,,,,,,,masterVolume:46
Win:1,0.5,,0.023,,0.695,0.3,0.385,,0.155,0.01,,,1,0.69,0.75,-0.485,0.635,-0.03,,,,,,,1,,,,,,,masterVolume:47
Ready:2,0.5,,0.01,,0.43,0.305,0.295,,0.34,-0.285,,,,,1,-1,1,0.01,,,,,-0.06,-0.01,1,,,,,1,-0.78,masterVolume:48

Default:-1>1>-1||0|1|false>-1||0|1|false>-1||0|1|false>-1||0|1|false>-1||0|1|false:2
